3 0.5609375 0.5765625 0.12734375 0.4859375
3 0.7609375 0.6109375 0.1109375 0.51953125
3 0.85546875 0.56875 0.08203125 0.38203125
3 0.4 0.57265625 0.09375 0.44921875
3 0.3015625 0.61796875 0.11796875 0.490625
3 0.16796875 0.56875 0.0765625 0.43984375
3 0.09765625 0.5453125 0.07421875 0.334375
2 0.16953125 0.3703125 0.0484375 0.03828125
2 0.2609375 0.36640625 0.0484375 0.0453125
2 0.58203125 0.35546875 0.05078125 0.0453125
2 0.77421875 0.3765625 0.0625 0.0484375
2 0.8453125 0.39453125 0.03828125 0.03359375
2 0.46015625 0.40390625 0.0265625 0.0265625
1 0.77265625 0.50625 0.0890625 0.19453125
1 0.85703125 0.50390625 0.0796875 0.13671875
3 0.24765625 0.5546875 0.08203125 0.4421875
3 0.20703125 0.5625 0.040625 0.35546875
3 0.47734375 0.5296875 0.0578125 0.26953125
2 0.35703125 0.51171875 0.0171875 0.02421875
3 0.35 0.46640625 0.02421875 0.06953125
3 0.5265625 0.52265625 0.04296875 0.29296875
2 0.53515625 0.390625 0.02890625 0.0265625
3 0.88203125 0.51484375 0.040625 0.27421875