2 0.8859375 0.30546875 0.18125 0.21953125
2 0.25078125 0.371875 0.07890625 0.09296875
2 0.52421875 0.42421875 0.06640625 0.0875
0 0.3140625 0.48125 0.08359375 0.09296875
0 0.41484375 0.49765625 0.0625 0.11171875
1 0.2234375 0.5859375 0.1390625 0.32890625
1 0.853125 0.7125 0.290625 0.575
0 0.54140625 0.73203125 0.07421875 0.090625
1 0.50390625 0.7375 0.190625 0.525
3 0.8390625 0.59921875 0.32109375 0.80078125
3 0.48828125 0.69140625 0.196875 0.6171875
3 0.38359375 0.36328125 0.00078125 0.00078125
3 0.25234375 0.66328125 0.1859375 0.6734375