2 0.0953125 0.17578125 0.08671875 0.071875
2 0.41796875 0.2140625 0.07421875 0.08203125
2 0.56015625 0.2296875 0.0625 0.0671875
2 0.71171875 0.24609375 0.06015625 0.09375
2 0.75234375 0.2859375 0.0265625 0.04296875
2 0.8171875 0.2984375 0.0453125 0.06015625
1 0.06953125 0.39296875 0.11796875 0.2765625
1 0.3765625 0.37734375 0.11796875 0.24765625
1 0.553125 0.38828125 0.10078125 0.2015625
1 0.65390625 0.38203125 0.0765625 0.2234375
1 0.73203125 0.42421875 0.06953125 0.19453125
1 0.8078125 0.4375 0.09609375 0.19921875
3 0.07421875 0.48671875 0.13984375 0.6984375
3 0.38515625 0.47109375 0.13984375 0.62265625
3 0.54921875 0.471875 0.11953125 0.5578125
3 0.675 0.503125 0.109375 0.57265625
3 0.80859375 0.5 0.0984375 0.4609375
3 0.73046875 0.50390625 0.08671875 0.5015625
0 0.06328125 0.53125 0.05625 0.08125
0 0.12734375 0.5328125 0.03046875 0.075