2 0.17421875 0.35078125 0.10078125 0.084375
2 0.3125 0.42578125 0.0796875 0.07421875
2 0.42578125 0.36875 0.10546875 0.1078125
2 0.5421875 0.37734375 0.084375 0.09375
2 0.59609375 0.39921875 0.0484375 0.053125
2 0.70703125 0.40390625 0.146875 0.15859375
2 0.8109375 0.4328125 0.03828125 0.0671875
1 0.1875 0.6625 0.1875 0.39921875
1 0.32421875 0.6453125 0.11328125 0.28828125
2 0.49375 0.43984375 0.06015625 0.0625
1 0.4734375 0.6859375 0.1515625 0.4234375
1 0.58515625 0.62890625 0.08203125 0.3390625
1 0.73203125 0.8015625 0.18515625 0.3921875
1 0.834375 0.546875 0.03828125 0.12734375
1 0.9109375 0.5484375 0.08671875 0.15390625
3 0.1703125 0.646875 0.2546875 0.6859375
3 0.31875 0.6859375 0.14609375 0.609375
3 0.4625 0.65078125 0.18359375 0.66328125
3 0.56953125 0.571875 0.11875 0.47421875
3 0.71953125 0.66484375 0.209375 0.6703125
3 0.8328125 0.50859375 0.07578125 0.2203125
3 0.91953125 0.609375 0.1078125 0.4671875