2 0.29453125 0.290625 0.06484375 0.06953125
2 0.45078125 0.27890625 0.0625 0.06015625
2 0.6921875 0.25703125 0.04296875 0.0453125
2 0.646875 0.28359375 0.05078125 0.0453125
1 0.28984375 0.44140625 0.08203125 0.1875
1 0.4390625 0.43984375 0.08671875 0.196875
1 0.65 0.45546875 0.08203125 0.21171875
3 0.7171875 0.49921875 0.11171875 0.51953125
3 0.6421875 0.55546875 0.09921875 0.58046875
3 0.44765625 0.521875 0.10390625 0.54375
3 0.303125 0.5140625 0.10703125 0.5203125
0 0.33203125 0.5171875 0.0421875 0.04296875
0 0.7390625 0.47421875 0.0390625 0.05390625