2 0.025 0.33984375 0.0484375 0.07421875
2 0.29453125 0.31484375 0.0796875 0.0890625
2 0.49140625 0.30859375 0.071875 0.08203125
2 0.64453125 0.275 0.1296875 0.125
2 0.8453125 0.13359375 0.30546875 0.2671875
1 0.28515625 0.58671875 0.1421875 0.334375
1 0.48671875 0.57421875 0.1390625 0.3296875
1 0.665625 0.66328125 0.19453125 0.5171875
1 0.84140625 0.7203125 0.3125 0.5484375
3 0.853125 0.50390625 0.28203125 0.9921875
3 0.659375 0.6109375 0.18359375 0.76484375
3 0.49375 0.6359375 0.18046875 0.728125
3 0.29296875 0.63671875 0.17421875 0.7265625
3 0.0890625 0.65625 0.178125 0.6875