2 0.10078125 0.459375 0.01953125 0.0453125
2 0.16953125 0.46640625 0.02421875 0.0265625
2 0.19453125 0.46484375 0.03359375 0.02890625
2 0.2234375 0.45078125 0.03125 0.03359375
2 0.38125 0.45546875 0.03828125 0.03828125
2 0.4109375 0.46484375 0.02890625 0.02890625
2 0.44921875 0.46484375 0.02890625 0.0359375
2 0.50390625 0.4265625 0.04296875 0.0578125
2 0.5375 0.4671875 0.02890625 0.03125
2 0.60078125 0.47109375 0.0265625 0.0265625
2 0.68359375 0.36328125 0.0484375 0.053125
2 0.78984375 0.3890625 0.06953125 0.0671875
2 0.8328125 0.41953125 0.05546875 0.0453125
2 0.91953125 0.4359375 0.0578125 0.0484375
1 0.7640625 0.4890625 0.07421875 0.15390625
2 0.2875 0.43359375 0.0203125 0.02578125
3 0.92265625 0.625 0.08046875 0.42578125
3 0.76640625 0.57109375 0.10390625 0.43515625
3 0.825 0.5890625 0.0484375 0.3984375
3 0.66875 0.5609375 0.06640625 0.44765625
3 0.59609375 0.57421875 0.0421875 0.228125
3 0.5484375 0.571875 0.0453125 0.246875
3 0.50390625 0.58515625 0.07734375 0.37109375
3 0.44765625 0.56328125 0.05390625 0.246875
3 0.4109375 0.56796875 0.03359375 0.24609375
3 0.3734375 0.56015625 0.0578125 0.25390625
3 0.27890625 0.5390625 0.03515625 0.24296875
3 0.228125 0.5515625 0.0375 0.23515625
3 0.19609375 0.55703125 0.0515625 0.2234375
3 0.1671875 0.55859375 0.0421875 0.20234375
3 0.09140625 0.5484375 0.06640625 0.2296875