2 0.33046875 0.02421875 0.0671875 0.0484375
2 0.53359375 0.25625 0.01953125 0.0265625
2 0.6703125 0.30078125 0.01171875 0.01953125
2 0.771875 0.225 0.02421875 0.03359375
2 0.8265625 0.22578125 0.03125 0.04296875
2 0.9546875 0.2515625 0.02890625 0.02890625
2 0.98046875 0.259375 0.021875 0.0265625
1 0.31953125 0.23046875 0.14921875 0.303125
1 0.765625 0.31953125 0.0625 0.13203125
2 0.45546875 0.3609375 0.02421875 0.06484375
1 0.40234375 0.37265625 0.071875 0.071875
3 0.9859375 0.34375 0.028125 0.190625
3 0.959375 0.371875 0.0625 0.26875
3 0.834375 0.3453125 0.06484375 0.290625
3 0.78828125 0.384375 0.1140625 0.35859375
3 0.6703125 0.38359375 0.04140625 0.190625
3 0.5359375 0.3796875 0.06015625 0.26875
3 0.4140625 0.44453125 0.1125 0.2390625
3 0.3453125 0.38984375 0.23359375 0.7796875
0 0.421875 0.31328125 0.0453125 0.053125
0 0.25625 0.4015625 0.0484375 0.0671875