2 0.2484375 0.11875 0.0984375 0.08203125
2 0.37265625 0.2359375 0.1390625 0.17578125
2 0.6515625 0.27890625 0.209375 0.2671875
1 0.24140625 0.44453125 0.0984375 0.36796875
1 0.39921875 0.7171875 0.25234375 0.5625
1 0.7234375 0.7546875 0.28359375 0.48828125
3 0.69140625 0.57578125 0.30625 0.8390625
3 0.39609375 0.571875 0.25546875 0.8515625
3 0.25625 0.490625 0.15703125 0.82578125
0 0.57890625 0.5625 0.06171875 0.16875
0 0.57421875 0.91953125 0.178125 0.1609375
0 0.309375 0.27578125 0.15546875 0.2234375