1 0.625 0.5828125 0.13671875 0.3703125
1 0.7234375 0.57578125 0.053125 0.16328125
2 0.671875 0.32421875 0.0984375 0.1703125
2 0.43984375 0.2609375 0.05546875 0.0984375
1 0.42578125 0.43984375 0.0984375 0.2046875
1 0.24375 0.56015625 0.1390625 0.36328125
1 0.0453125 0.7125 0.090625 0.571875
2 0.25234375 0.27890625 0.084375 0.12265625
2 0.1265625 0.3390625 0.1296875 0.18984375
3 0.62109375 0.6203125 0.19453125 0.759375
3 0.42734375 0.6015625 0.128125 0.796875
3 0.25234375 0.6046875 0.15390625 0.790625
3 0.1 0.621875 0.2 0.75625
3 0.72421875 0.6953125 0.08515625 0.4109375