2 0.4015625 0.290625 0.09375 0.09140625
2 0.53359375 0.46171875 0.0578125 0.1109375
2 0.6609375 0.35546875 0.071875 0.09375
2 0.7953125 0.47578125 0.06015625 0.12265625
2 0.9796875 0.28515625 0.0359375 0.14453125
1 0.42421875 0.50625 0.146875 0.290625
1 0.665625 0.51171875 0.18984375 0.2359375
1 0.85234375 0.5671875 0.13203125 0.259375
3 0.85390625 0.6703125 0.1640625 0.53671875
3 0.64609375 0.678125 0.27578125 0.58359375
3 0.415625 0.62265625 0.23046875 0.7546875
3 0.634375 0.63125 0.11796875 0.6484375
0 0.32734375 0.5921875 0.0703125 0.07890625
0 0.59609375 0.6390625 0.04765625 0.08125
0 0.91484375 0.64140625 0.0375 0.040625
0 0.78125 0.65546875 0.03359375 0.040625