2 0.69453125 0.4625 0.05546875 0.0453125
2 0.5875 0.46484375 0.04296875 0.03828125
2 0.51953125 0.4734375 0.05078125 0.06015625
2 0.48203125 0.4703125 0.02890625 0.03828125
2 0.37734375 0.47734375 0.03828125 0.053125
1 0.3609375 0.59375 0.11796875 0.1734375
1 0.45703125 0.5953125 0.0578125 0.18984375
1 0.50625 0.6046875 0.08671875 0.15859375
1 0.58515625 0.6203125 0.11796875 0.240625
1 0.69921875 0.60078125 0.09140625 0.178125
3 0.70625 0.67109375 0.1265625 0.44453125
3 0.5921875 0.67265625 0.11875 0.45859375
3 0.359375 0.66328125 0.1265625 0.44609375
3 0.503125 0.68671875 0.1109375 0.45546875
3 0.46640625 0.56015625 0.0828125 0.2421875