2 0.1140625 0.58125 0.071875 0.0796875
2 0.1921875 0.490625 0.03359375 0.0484375
2 0.8921875 0.44453125 0.06015625 0.06015625
2 0.8375 0.4984375 0.03828125 0.053125
2 0.71171875 0.5046875 0.040625 0.053125
2 0.5875 0.46640625 0.07421875 0.0796875
2 0.49296875 0.5578125 0.0265625 0.0359375
2 0.421875 0.51953125 0.0453125 0.05546875
2 0.3859375 0.53125 0.021875 0.0453125
2 0.3484375 0.5375 0.02890625 0.0453125
2 0.25625 0.53359375 0.071875 0.0796875
1 0.1140625 0.8234375 0.13671875 0.321875
1 0.18359375 0.60234375 0.084375 0.15390625
1 0.2640625 0.7609375 0.12265625 0.3171875
1 0.28828125 0.57421875 0.0265625 0.05546875
1 0.91796875 0.6359375 0.10078125 0.24765625
1 0.8375 0.6390625 0.0578125 0.18515625
1 0.7171875 0.65234375 0.07421875 0.178125
1 0.6046875 0.73828125 0.1421875 0.35078125
1 0.49765625 0.6359375 0.04296875 0.11328125
1 0.3796875 0.65234375 0.0484375 0.15859375
1 0.3390625 0.634375 0.05078125 0.14921875
1 0.4375 0.696875 0.125 0.23828125
3 0.1078125 0.77265625 0.1890625 0.45
3 0.18515625 0.57109375 0.09296875 0.22890625
3 0.26171875 0.75 0.1359375 0.496875
3 0.34609375 0.70859375 0.053125 0.3765625
3 0.38125 0.60234375 0.0484375 0.1875
3 0.43359375 0.75 0.12890625 0.5
3 0.503125 0.65 0.0484375 0.23203125
3 0.59140625 0.7125 0.1578125 0.575
3 0.72109375 0.7125 0.103125 0.4703125
3 0.83671875 0.70078125 0.0734375 0.48125
3 0.9203125 0.69921875 0.1171875 0.60078125
2 0.2703125 0.5125 0.02890625 0.0296875
0 0.3515625 0.91171875 0.03671875 0.04453125