1 0.1765625 0.63515625 0.228125 0.58671875
2 0.178125 0.16953125 0.14453125 0.1734375
2 0.56640625 0.2171875 0.11328125 0.13203125
2 0.7125 0.1703125 0.15390625 0.15859375
2 0.83984375 0.18046875 0.115625 0.12265625
1 0.734375 0.6765625 0.21640625 0.63671875
3 0.18515625 0.5375 0.2703125 0.91171875
3 0.53359375 0.58125 0.2453125 0.83671875
3 0.721875 0.54453125 0.221875 0.9109375
3 0.86953125 0.5609375 0.175 0.8671875
0 0.44140625 0.8484375 0.0640625 0.14296875
0 0.6203125 0.9671875 0.0625 0.06484375