0 0.575 0.628125 0.103125 0.15
0 0.41796875 0.58125 0.0828125 0.09375
0 0.40390625 0.415625 0.0609375 0.115625
0 0.29375 0.478125 0.071875 0.053125
0 0.23828125 0.3796875 0.0765625 0.053125
2 0.5765625 0.15390625 0.12109375 0.2328125
2 0.39765625 0.22578125 0.1 0.1640625
2 0.190625 0.2890625 0.08359375 0.1
1 0.10859375 0.415625 0.14765625 0.24140625
1 0.6640625 0.190625 0.3359375 0.34140625
1 0.43671875 0.1875 0.15625 0.24140625
3 0.1734375 0.45703125 0.2875 0.4296875
3 0.440625 0.3546875 0.159375 0.571875
3 0.68515625 0.48046875 0.3984375 0.9296875
0 0.47578125 0.53125 0.0671875 0.125