2 0.228125 0.4484375 0.08671875 0.08203125
2 0.3890625 0.43515625 0.0484375 0.04296875
2 0.59375 0.384375 0.08203125 0.0765625
2 0.85546875 0.25234375 0.1203125 0.10078125
1 0.90625 0.5796875 0.14921875 0.37734375
1 0.6203125 0.6453125 0.11796875 0.34609375
1 0.39921875 0.59140625 0.1078125 0.1828125
1 0.22265625 0.67421875 0.1296875 0.259375
3 0.9046875 0.603125 0.18984375 0.79296875
3 0.61796875 0.67265625 0.1390625 0.6546875
3 0.396875 0.703125 0.13203125 0.59375
3 0.2234375 0.70546875 0.13203125 0.5890625