2 0.30078125 0.2359375 0.05078125 0.09375
2 0.0671875 0.1859375 0.0453125 0.103125
2 0.66484375 0.45078125 0.040625 0.0984375
2 0.91015625 0.14453125 0.0625 0.071875
3 0.91328125 0.42578125 0.1515625 0.63671875
3 0.725 0.67578125 0.2 0.6484375
3 0.36484375 0.3140625 0.178125 0.25
3 0.11796875 0.3546875 0.13671875 0.43984375
1 0.9125 0.3640625 0.1109375 0.27890625
1 0.70078125 0.725 0.1421875 0.36328125
1 0.38515625 0.30703125 0.1203125 0.15859375
1 0.11796875 0.296875 0.1203125 0.2328125
0 0.97265625 0.51015625 0.025 0.0609375
0 0.77578125 0.39609375 0.05546875 0.08671875