2 0.234375 0.2484375 0.08671875 0.12734375
2 0.4234375 0.23828125 0.08203125 0.08203125
2 0.75390625 0.38828125 0.115625 0.12265625
2 0.14296875 0.1109375 0.1875 0.165625
1 0.10703125 0.56953125 0.21171875 0.5578125
1 0.2140625 0.54453125 0.08671875 0.40859375
1 0.4375 0.53359375 0.17578125 0.353125
1 0.759375 0.71171875 0.18046875 0.40390625
3 0.7234375 0.66484375 0.2859375 0.6703125
3 0.45 0.59375 0.240625 0.7953125
3 0.234375 0.5875 0.134375 0.82421875
3 0.1109375 0.51328125 0.22109375 0.96171875