0 0.53671875 0.2640625 0.0390625 0.059375
0 0.59765625 0.2640625 0.0578125 0.05
0 0.2671875 0.4984375 0.053125 0.06875
2 0.22265625 0.21171875 0.08828125 0.1015625
2 0.3421875 0.19609375 0.08046875 0.06796875
2 0.4359375 0.16484375 0.08359375 0.0984375
2 0.50703125 0.16640625 0.08515625 0.07421875
1 0.20703125 0.42734375 0.140625 0.28046875
1 0.31875 0.425 0.1296875 0.3125
1 0.48203125 0.3421875 0.14453125 0.265625
3 0.51328125 0.5078125 0.0859375 0.75
3 0.5046875 0.51875 0.234375 0.80625
3 0.32265625 0.53046875 0.1390625 0.7359375
3 0.21796875 0.54765625 0.1828125 0.7765625