2 0.36796875 0.2203125 0.11328125 0.10078125
2 0.65859375 0.1921875 0.1390625 0.1390625
2 0.17890625 0.234375 0.134375 0.13671875
1 0.69609375 0.5328125 0.23828125 0.421875
1 0.40625 0.58125 0.23046875 0.421875
1 0.16640625 0.5734375 0.1828125 0.43359375
3 0.68828125 0.5609375 0.23046875 0.87734375
3 0.3890625 0.57890625 0.228125 0.83671875
3 0.1578125 0.58359375 0.190625 0.8328125
0 0.56015625 0.515625 0.071875 0.10546875
0 0.63046875 0.3859375 0.06875 0.128125
0 0.42421875 0.56484375 0.07890625 0.06171875
0 0.30703125 0.70390625 0.065625 0.084375
0 0.1984375 0.54140625 0.0609375 0.10546875
0 0.28125 0.815625 0.053125 0.11796875