2 0.82421875 0.08203125 0.12265625 0.10546875
2 0.58515625 0.1453125 0.0765625 0.06953125
2 0.49765625 0.11875 0.09375 0.11328125
2 0.1890625 0.13125 0.0796875 0.071875
2 0.13203125 0.1546875 0.09609375 0.103125
1 0.834375 0.375 0.2234375 0.36328125
1 0.5171875 0.38828125 0.1921875 0.303125
1 0.19296875 0.39765625 0.2140625 0.31796875
3 0.81328125 0.51640625 0.20078125 0.96171875
3 0.62578125 0.53828125 0.1484375 0.8078125
3 0.559375 0.528125 0.29375 0.94375
3 0.17578125 0.51171875 0.31171875 0.85078125
1 0.64609375 0.4015625 0.0703125 0.2703125
0 0.63984375 0.434375 0.05 0.06015625
3 0.1921875 0.16796875 0.08046875 0.146875