0 0.04765625 0.625 0.0734375 0.10625
0 0.27890625 0.58359375 0.0640625 0.0921875
0 0.47421875 0.56484375 0.0609375 0.0953125
0 0.65078125 0.53828125 0.0578125 0.0734375
0 0.86171875 0.5421875 0.1078125 0.10625
2 0.03671875 0.25234375 0.06875 0.0734375
2 0.3015625 0.26875 0.0671875 0.06328125
2 0.50625 0.26484375 0.05859375 0.0515625
2 0.70078125 0.23203125 0.06875 0.0453125
2 0.896875 0.125 0.0796875 0.08125
1 0.0765625 0.4609375 0.153125 0.3
1 0.30703125 0.43984375 0.134375 0.2546875
1 0.51015625 0.44453125 0.14453125 0.23046875
1 0.70625 0.4515625 0.1421875 0.26640625
1 0.91953125 0.328125 0.1609375 0.265625
3 0.9078125 0.4984375 0.184375 0.828125
3 0.69765625 0.53828125 0.1578125 0.6640625
3 0.51015625 0.540625 0.1515625 0.615625
3 0.303125 0.546875 0.15 0.625
3 0.075 0.54609375 0.15 0.6578125