2 0.67421875 0.1265625 0.0578125 0.053125
2 0.92734375 0.08203125 0.08203125 0.07421875
2 0.875 0.18984375 0.05078125 0.04296875
2 0.4640625 0.17890625 0.053125 0.06953125
2 0.39921875 0.1609375 0.04296875 0.03828125
2 0.2609375 0.1828125 0.05078125 0.053125
2 0.15 0.11875 0.08203125 0.07421875
3 0.12421875 0.44140625 0.14921875 0.71875
3 0.2609375 0.41953125 0.1109375 0.52421875
3 0.38828125 0.3859375 0.0984375 0.490625
3 0.47578125 0.3984375 0.1203125 0.509375
3 0.6640625 0.37734375 0.1390625 0.5578125
3 0.8765625 0.27734375 0.053125 0.22109375
3 0.91171875 0.41328125 0.10546875 0.73046875
1 0.66796875 0.290625 0.10078125 0.2015625
1 0.91484375 0.3078125 0.09609375 0.259375
1 0.4703125 0.3078125 0.08671875 0.196875
1 0.390625 0.30546875 0.0671875 0.16328125
1 0.1375 0.32265625 0.146875 0.290625
0 0.05859375 0.49296875 0.034375 0.05703125
0 0.240625 0.48125 0.03671875 0.04453125
0 0.3546875 0.4171875 0.02734375 0.0390625
0 0.41328125 0.4109375 0.02109375 0.0421875
0 0.52578125 0.41953125 0.03125 0.034375
0 0.6125 0.39609375 0.025 0.0484375
0 0.7078125 0.42890625 0.0359375 0.05546875
0 0.8828125 0.475 0.0328125 0.04921875
3 0.0765625 0.46796875 0.078125 0.61015625