2 0.90234375 0.1296875 0.084375 0.08203125
2 0.696875 0.23828125 0.06953125 0.05546875
2 0.5015625 0.26796875 0.06484375 0.05078125
2 0.296875 0.26796875 0.07421875 0.05546875
2 0.03828125 0.2515625 0.07421875 0.071875
1 0.06875 0.45078125 0.134375 0.24765625
1 0.303125 0.44375 0.11796875 0.2359375
1 0.509375 0.44921875 0.11796875 0.2359375
1 0.70546875 0.446875 0.1203125 0.2359375
1 0.921875 0.3421875 0.1515625 0.2859375
3 0.91484375 0.49765625 0.1609375 0.82421875
3 0.70859375 0.53984375 0.115625 0.64921875
3 0.515625 0.54140625 0.13671875 0.59609375
3 0.30625 0.54140625 0.14921875 0.60078125
3 0.06484375 0.54921875 0.1296875 0.6609375
0 0.04765625 0.6109375 0.05078125 0.09375
0 0.85625 0.5546875 0.075 0.12890625
0 0.65546875 0.5265625 0.0421875 0.04140625
0 0.4796875 0.55625 0.05 0.05234375
0 0.27578125 0.57578125 0.03984375 0.05