2 0.10703125 0.3765625 0.021875 0.01953125
2 0.13671875 0.34609375 0.02421875 0.03359375
2 0.17890625 0.4015625 0.021875 0.02421875
2 0.28515625 0.37109375 0.0140625 0.0265625
2 0.3703125 0.24765625 0.0359375 0.05078125
2 0.64921875 0.3640625 0.03125 0.0578125
1 0.1140625 0.4578125 0.0453125 0.1421875
1 0.36328125 0.4015625 0.0796875 0.18984375
3 0.09921875 0.521875 0.04609375 0.31640625
3 0.13125 0.53671875 0.059375 0.40859375
3 0.171875 0.52734375 0.0328125 0.27578125
3 0.22734375 0.52578125 0.0421875 0.29453125
3 0.26953125 0.5234375 0.059375 0.33359375
3 0.36015625 0.5109375 0.134375 0.58203125
3 0.61640625 0.434375 0.096875 0.20390625
3 0.82578125 0.55546875 0.1296875 0.20703125
2 0.2390625 0.39765625 0.0265625 0.02578125
0 0.6109375 0.5046875 0.01953125 0.04453125
0 0.30703125 0.51328125 0.03359375 0.02578125
0 0.14765625 0.440625 0.01953125 0.025
0 0.146875 0.56640625 0.02734375 0.04921875