0 0.05078125 0.3234375 0.0640625 0.10625
0 0.09921875 0.50078125 0.0796875 0.1140625
0 0.30703125 0.65546875 0.0921875 0.1609375
0 0.4171875 0.5171875 0.075 0.115625
0 0.7 0.42734375 0.046875 0.0953125
0 0.740625 0.515625 0.06875 0.065625
0 0.85234375 0.32734375 0.0421875 0.0515625
0 0.90390625 0.4890625 0.0484375 0.059375
2 0.34296875 0.225 0.103125 0.17890625
2 0.09609375 0.0703125 0.10390625 0.13515625
2 0.759375 0.2171875 0.0578125 0.109375
2 0.88203125 0.28359375 0.0375 0.0421875
3 0.85859375 0.4734375 0.1171875 0.415625
3 0.7 0.48515625 0.1875 0.6546875
3 0.3625 0.56640625 0.246875 0.8671875
3 0.11953125 0.49296875 0.2109375 0.9828125