2 0.1234375 0.51171875 0.03828125 0.04296875
2 0.19609375 0.57109375 0.03828125 0.03828125
2 0.2609375 0.55625 0.03828125 0.040625
2 0.3578125 0.50703125 0.03828125 0.040625
2 0.45703125 0.49140625 0.03828125 0.040625
2 0.55859375 0.4984375 0.03828125 0.04296875
2 0.63671875 0.36171875 0.0359375 0.03828125
2 0.640625 0.475 0.03828125 0.0453125
2 0.725 0.50390625 0.03828125 0.040625
2 0.78984375 0.50390625 0.0359375 0.03828125
2 0.56015625 0.11640625 0.0359375 0.03828125
2 0.4734375 0.1296875 0.03359375 0.0359375
3 0.109375 0.7140625 0.09609375 0.44921875
3 0.1890625 0.7484375 0.0765625 0.3890625
3 0.26640625 0.7390625 0.0984375 0.41328125
3 0.353125 0.71484375 0.09375 0.45703125
3 0.453125 0.703125 0.1078125 0.47109375
3 0.553125 0.70234375 0.084375 0.4546875
3 0.634375 0.68828125 0.09609375 0.4734375
3 0.72265625 0.70390625 0.09140625 0.44453125
3 0.79453125 0.7015625 0.0984375 0.43046875
3 0.63671875 0.40625 0.06484375 0.134375
3 0.46953125 0.29609375 0.09375 0.38203125
3 0.55703125 0.303125 0.10546875 0.42578125
1 0.46875 0.25625 0.0796875 0.1421875
1 0.55625 0.24609375 0.0765625 0.165625
1 0.11640625 0.640625 0.09140625 0.16796875
1 0.1890625 0.70703125 0.071875 0.16328125
1 0.26328125 0.68984375 0.0796875 0.165625
1 0.35703125 0.6640625 0.09140625 0.2015625
1 0.4515625 0.65234375 0.10546875 0.21640625
1 0.55234375 0.61953125 0.07421875 0.15390625
1 0.63359375 0.60703125 0.08671875 0.165625
1 0.72421875 0.61484375 0.09375 0.14453125
1 0.79609375 0.6578125 0.09140625 0.2140625
1 0.63515625 0.453125 0.0671875 0.0796875