2 0.54921875 0.5 0.040625 0.03828125
2 0.47265625 0.53359375 0.04296875 0.03828125
2 0.38359375 0.475 0.040625 0.0453125
2 0.290625 0.5015625 0.0453125 0.03828125
3 0.284375 0.721875 0.0890625 0.47109375
3 0.37734375 0.69609375 0.0984375 0.47578125
3 0.46875 0.71953125 0.0765625 0.4109375
3 0.553125 0.70078125 0.115625 0.43515625
3 0.659375 0.69453125 0.12734375 0.41796875
1 0.2828125 0.646875 0.08671875 0.1734375
1 0.38359375 0.60078125 0.0890625 0.14921875
1 0.46484375 0.65625 0.06484375 0.1515625
1 0.65 0.61875 0.08203125 0.13671875
1 0.5515625 0.6078125 0.07578125 0.10390625