2 0.2703125 0.29921875 0.1203125 0.125
2 0.65859375 0.33515625 0.06875 0.0703125
2 0.62578125 0.47109375 0.10859375 0.125
2 0.384375 0.62265625 0.1109375 0.08671875
3 0.17109375 0.62265625 0.3109375 0.7546875
3 0.44765625 0.7015625 0.2234375 0.33125
3 0.79140625 0.70390625 0.3890625 0.5921875
3 0.68828125 0.54765625 0.16328125 0.48046875
1 0.13828125 0.5015625 0.19453125 0.26171875
1 0.82734375 0.54140625 0.27421875 0.21171875
0 0.221875 0.71796875 0.046875 0.065625
0 0.40390625 0.83125 0.040625 0.046875
0 0.4546875 0.85234375 0.03515625 0.03671875
0 0.75078125 0.81875 0.06484375 0.06953125