2 0.1578125 0.33203125 0.0484375 0.0453125
2 0.24765625 0.396875 0.04296875 0.0453125
2 0.3453125 0.4046875 0.0453125 0.03828125
2 0.4390625 0.4046875 0.04296875 0.040625
2 0.52421875 0.43125 0.04296875 0.0453125
2 0.5875 0.39453125 0.03828125 0.0453125
2 0.68046875 0.4078125 0.03828125 0.0359375
2 0.7546875 0.3859375 0.040625 0.04296875
2 0.8546875 0.36171875 0.04296875 0.0453125
3 0.86875 0.6265625 0.0984375 0.571875
3 0.76484375 0.6390625 0.0984375 0.553125
3 0.68359375 0.64921875 0.08203125 0.5171875
3 0.58828125 0.64140625 0.084375 0.52890625
3 0.5203125 0.6609375 0.0671875 0.50234375
3 0.4375 0.64765625 0.09140625 0.5265625
3 0.33984375 0.65078125 0.08671875 0.52421875
3 0.24453125 0.65 0.1078125 0.55546875
3 0.14765625 0.6125 0.1078125 0.61328125
1 0.1453125 0.50859375 0.10078125 0.2046875
1 0.2375 0.5625 0.09140625 0.21875
1 0.334375 0.578125 0.09140625 0.2046875
1 0.43515625 0.5578125 0.0890625 0.1734375
1 0.5203125 0.6 0.0625 0.2140625
1 0.59609375 0.540625 0.0984375 0.1609375
1 0.6890625 0.5671875 0.0796875 0.19453125
1 0.765625 0.5484375 0.09375 0.20703125
1 0.86796875 0.5265625 0.084375 0.21640625
0 0.271875 0.63359375 0.03125 0.04375