2 0.2015625 0.321875 0.0671875 0.08203125
2 0.2796875 0.1734375 0.03828125 0.04296875
2 0.3140625 0.1859375 0.02890625 0.03125
2 0.43046875 0.2046875 0.02890625 0.0359375
2 0.509375 0.196875 0.03359375 0.03125
2 0.5296875 0.26953125 0.0625 0.06953125
2 0.75625 0.20546875 0.02890625 0.03359375
2 0.86640625 0.1765625 0.021875 0.0265625
2 0.94921875 0.21640625 0.02890625 0.0359375
3 0.95390625 0.2984375 0.0546875 0.20625
3 0.84453125 0.28828125 0.0734375 0.24609375
3 0.74140625 0.3109375 0.08203125 0.25
3 0.5015625 0.24296875 0.0453125 0.12734375
3 0.5390625 0.49921875 0.13046875 0.52734375
3 0.41484375 0.3375 0.0765625 0.2984375
3 0.3203125 0.3109375 0.053125 0.2890625
3 0.27421875 0.2734375 0.0484375 0.25
3 0.13671875 0.56328125 0.2140625 0.646875
3 0.31875 0.1390625 0.01953125 0.040625
1 0.15390625 0.4828125 0.14921875 0.32421875
1 0.85078125 0.24453125 0.053125 0.1
1 0.95234375 0.2734375 0.05 0.08515625
1 0.7453125 0.2859375 0.0578125 0.10078125
1 0.49296875 0.26796875 0.0375 0.07421875
1 0.421875 0.296875 0.0671875 0.115625
1 0.27421875 0.27578125 0.0515625 0.1140625
1 0.31953125 0.27421875 0.05546875 0.115625
1 0.54140625 0.41171875 0.1328125 0.190625
0 0.0578125 0.28125 0.06328125 0.084375
0 0.22421875 0.63828125 0.05546875 0.09296875
0 0.32109375 0.334375 0.034375 0.03125
0 0.55859375 0.48203125 0.0375 0.05703125
0 0.42890625 0.36640625 0.034375 0.03125
0 0.3484375 0.25859375 0.0203125 0.02421875
0 0.3984375 0.353125 0.0203125 0.05
0 0.46015625 0.3203125 0.015625 0.0234375
0 0.81484375 0.278125 0.01171875 0.02734375
0 0.91328125 0.22109375 0.01875 0.0203125
0 0.9453125 0.33359375 0.01875 0.03046875
0 0.76640625 0.29609375 0.01875 0.01875
0 0.86875 0.3015625 0.0125 0.03125