2 0.70625 0.20625 0.153125 0.140625
2 0.47734375 0.259375 0.15625 0.12265625
1 0.7328125 0.640625 0.271875 0.4859375
1 0.4890625 0.60078125 0.22578125 0.365625
3 0.7484375 0.52265625 0.32421875 0.7625
3 0.47890625 0.50078125 0.24765625 0.59609375
2 0.2703125 0.32578125 0.02421875 0.02890625
2 0.09140625 0.3125 0.0359375 0.03828125
3 0.26640625 0.40859375 0.0484375 0.196875
3 0.10078125 0.46875 0.0765625 0.35546875
1 0.2671875 0.38203125 0.053125 0.0765625
1 0.1078125 0.41953125 0.05546875 0.12265625