2 0.1234375 0.37734375 0.1078125 0.11328125
2 0.22265625 0.33046875 0.07421875 0.0890625
2 0.36796875 0.37109375 0.07421875 0.09140625
2 0.53125 0.37265625 0.0890625 0.10078125
2 0.62734375 0.3484375 0.09609375 0.084375
2 0.72109375 0.40234375 0.084375 0.08203125
2 0.7984375 0.334375 0.11328125 0.11328125
3 0.20703125 0.6453125 0.12265625 0.69765625
3 0.115625 0.64296875 0.12265625 0.7140625
3 0.3546875 0.5734375 0.14921875 0.48828125
3 0.53046875 0.55234375 0.134375 0.46640625
3 0.6359375 0.55 0.11328125 0.4859375
3 0.725 0.55859375 0.08203125 0.40390625
3 0.8171875 0.64140625 0.153125 0.7171875
1 0.34921875 0.6296875 0.159375 0.3125
1 0.521875 0.63046875 0.11328125 0.31953125
1 0.634375 0.6234375 0.10546875 0.33203125
1 0.8265625 0.6703125 0.15390625 0.41796875
1 0.7453125 0.625 0.10859375 0.2796875