2 0.15390625 0.275 0.0796875 0.0765625
2 0.31640625 0.06484375 0.09609375 0.1296875
2 0.7796875 0.18046875 0.07421875 0.103125
3 0.15 0.50546875 0.1109375 0.5359375
3 0.32109375 0.44453125 0.28828125 0.88671875
3 0.765625 0.4796875 0.228125 0.72578125
3 0.4578125 0.5453125 0.01953125 0.06953125
3 0.478125 0.54296875 0.01953125 0.07421875
1 0.75703125 0.384375 0.1421875 0.2640625
1 0.16875 0.44375 0.11171875 0.2078125
0 0.215625 0.471875 0.059375 0.09375
0 0.46328125 0.42421875 0.05546875 0.09609375
0 0.16484375 0.59140625 0.05234375 0.05703125
0 0.28359375 0.65625 0.0359375 0.0390625
0 0.68984375 0.3234375 0.03671875 0.103125
0 0.8609375 0.55390625 0.0390625 0.07421875