2 0.74296875 0.40234375 0.13671875 0.1203125
2 0.515625 0.43125 0.115625 0.0765625
2 0.3953125 0.553125 0.10078125 0.0796875
2 0.25078125 0.43515625 0.11796875 0.10078125
1 0.76796875 0.75 0.21640625 0.40390625
1 0.54453125 0.6953125 0.18984375 0.31484375
1 0.4 0.821875 0.15859375 0.3171875
1 0.2390625 0.69140625 0.1734375 0.3078125
3 0.76640625 0.671875 0.2359375 0.65625
3 0.5515625 0.68359375 0.1921875 0.59140625
3 0.39375 0.7515625 0.16328125 0.4734375
3 0.22578125 0.671875 0.18984375 0.5890625
0 0.14453125 0.95859375 0.0515625 0.0828125
0 0.35 0.984375 0.04375 0.03125
0 0.478125 0.9640625 0.02265625 0.07109375
0 0.7296875 0.93984375 0.09375 0.1203125
0 0.6046875 0.93359375 0.05390625 0.12109375