2 0.36796875 0.396875 0.02890625 0.0453125
2 0.41796875 0.37734375 0.02890625 0.04296875
2 0.47734375 0.3703125 0.03359375 0.0484375
2 0.5515625 0.40390625 0.03359375 0.06015625
2 0.6046875 0.41953125 0.0265625 0.040625
2 0.6671875 0.37265625 0.0265625 0.05078125
2 0.7203125 0.3453125 0.0453125 0.07421875
2 0.8421875 0.35 0.040625 0.053125
3 0.84921875 0.6140625 0.08203125 0.57421875
3 0.36953125 0.5953125 0.0765625 0.44453125
3 0.41484375 0.57109375 0.05546875 0.43046875
3 0.48359375 0.52421875 0.053125 0.3578125
3 0.55 0.59609375 0.06015625 0.428125
3 0.60546875 0.60546875 0.0484375 0.41328125
3 0.67421875 0.584375 0.053125 0.48046875
3 0.71171875 0.6515625 0.10546875 0.6734375
1 0.36640625 0.5359375 0.05078125 0.1875
1 0.41484375 0.5015625 0.05078125 0.16328125
1 0.47734375 0.51796875 0.0453125 0.18515625
1 0.546875 0.54453125 0.0484375 0.196875
1 0.60703125 0.5578125 0.05078125 0.18046875
1 0.66953125 0.521875 0.0484375 0.16328125
1 0.725 0.54453125 0.07421875 0.271875
1 0.8578125 0.525 0.06953125 0.23046875
0 0.62421875 0.375 0.03125 0.046875