2 0.859375 0.25234375 0.0625 0.0671875
2 0.6859375 0.2515625 0.071875 0.0765625
2 0.521875 0.24609375 0.06015625 0.06484375
2 0.37734375 0.259375 0.0625 0.06953125
2 0.2296875 0.25859375 0.0484375 0.06015625
3 0.21640625 0.5359375 0.1484375 0.6125
3 0.371875 0.53671875 0.1546875 0.6234375
3 0.5265625 0.5328125 0.15390625 0.63671875
3 0.7 0.5421875 0.16328125 0.646875
3 0.86875 0.54140625 0.165625 0.6453125
1 0.225 0.44609375 0.10078125 0.2359375
1 0.38203125 0.4421875 0.103125 0.22578125
1 0.52109375 0.42421875 0.10078125 0.23046875
1 0.6984375 0.415625 0.1109375 0.228125
1 0.86640625 0.44375 0.115625 0.25