2 0.12890625 0.48046875 0.0265625 0.0265625
2 0.27890625 0.2828125 0.03828125 0.053125
2 0.1578125 0.57578125 0.05078125 0.1421875
2 0.39921875 0.27890625 0.0453125 0.05546875
2 0.428125 0.2484375 0.02890625 0.03359375
2 0.52421875 0.240625 0.03828125 0.06015625
2 0.6671875 0.2640625 0.03125 0.053125
2 0.81875 0.2125 0.0578125 0.06484375
3 0.8265625 0.440625 0.16328125 0.53125
3 0.69296875 0.43515625 0.10078125 0.38203125
3 0.521875 0.534375 0.13984375 0.39140625
3 0.54140625 0.2953125 0.07421875 0.1734375
3 0.4078125 0.453125 0.0703125 0.43671875
3 0.290625 0.34453125 0.11796875 0.1875
3 0.1078125 0.55078125 0.090625 0.1609375
3 0.2875 0.671875 0.2453125 0.47578125
1 0.81171875 0.3296875 0.08671875 0.18046875
1 0.71015625 0.36328125 0.0625 0.1421875
1 0.28984375 0.50234375 0.16328125 0.134375
1 0.1234375 0.54921875 0.0578125 0.084375
1 0.54140625 0.321875 0.07109375 0.084375
1 0.52578125 0.4171875 0.1109375 0.1328125
1 0.44765625 0.346875 0.02265625 0.07109375
3 0.4390625 0.44921875 0.05234375 0.4484375
0 0.890625 0.34765625 0.03046875 0.0515625