2 0.11640625 0.115625 0.146875 0.15625
2 0.40625 0.1671875 0.07421875 0.084375
2 0.63203125 0.1546875 0.0890625 0.10546875
2 0.81875 0.1421875 0.09140625 0.1515625
3 0.84921875 0.38828125 0.26015625 0.63984375
3 0.63828125 0.3578125 0.15625 0.50859375
3 0.42265625 0.3578125 0.1703125 0.446875
3 0.18203125 0.51640625 0.3078125 0.9671875
1 0.12890625 0.59609375 0.18984375 0.61328125
1 0.428125 0.42265625 0.12265625 0.29296875
1 0.88359375 0.47734375 0.1703125 0.45859375
1 0.64140625 0.40546875 0.1203125 0.27578125
0 0.384375 0.553125 0.03828125 0.06953125
0 0.58203125 0.4734375 0.08515625 0.07890625
0 0.47109375 0.5421875 0.02578125 0.04765625