2 0.27421875 0.540625 0.02890625 0.02421875
2 0.65 0.54296875 0.02890625 0.03125
2 0.56875 0.5421875 0.03125 0.02890625
2 0.490625 0.5453125 0.0265625 0.021875
2 0.4546875 0.56875 0.02890625 0.0265625
2 0.484375 0.56875 0.0359375 0.02421875
2 0.41015625 0.55078125 0.03125 0.02890625
2 0.33046875 0.540625 0.03125 0.03125
2 0.0890625 0.5578125 0.00703125 0.00703125
3 0.0703125 0.575 0.0140625 0.05078125
3 0.0890625 0.5765625 0.0171875 0.05546875
3 0.26015625 0.671875 0.0578125 0.29296875
3 0.31640625 0.68046875 0.06953125 0.3171875
3 0.4 0.70078125 0.0578125 0.334375
3 0.44765625 0.684375 0.03828125 0.259375
3 0.48359375 0.7125 0.084375 0.3171875
3 0.6921875 0.6765625 0.14453125 0.2984375
3 0.56796875 0.67421875 0.06015625 0.2953125
1 0.26796875 0.62265625 0.0484375 0.10078125
1 0.31875 0.6296875 0.05546875 0.11796875
1 0.39765625 0.64609375 0.053125 0.115625
1 0.44453125 0.65234375 0.03359375 0.09609375
1 0.4796875 0.6734375 0.06015625 0.12265625
1 0.5640625 0.62109375 0.053125 0.08671875
1 0.66484375 0.61796875 0.0671875 0.08671875
2 0.0734375 0.55625 0.00703125 0.00703125
0 0.54453125 0.696875 0.01015625 0.01875
0 0.58828125 0.69296875 0.01796875 0.01796875
0 0.3484375 0.6875 0.01796875 0.02265625
1 0.5140625 0.62734375 0.03203125 0.1