2 0.26953125 0.2984375 0.021875 0.021875
2 0.35 0.29921875 0.040625 0.04296875
3 0.34921875 0.471875 0.09140625 0.3796875
3 0.27265625 0.39609375 0.053125 0.22109375
2 0.6890625 0.25390625 0.0984375 0.09140625
3 0.6984375 0.60234375 0.1921875 0.79296875
1 0.2703125 0.365625 0.04296875 0.084375
1 0.3390625 0.4109375 0.0765625 0.14921875
1 0.6859375 0.4953125 0.15390625 0.31015625
0 0.3703125 0.459375 0.04765625 0.0359375
0 0.7671875 0.66484375 0.040625 0.0578125
0 0.28828125 0.3984375 0.0140625 0.01640625