2 0.86171875 0.3375 0.071875 0.09140625
2 0.74140625 0.31484375 0.0625 0.07421875
2 0.5515625 0.3234375 0.06953125 0.08671875
1 0.8703125 0.6265625 0.13671875 0.33671875
1 0.7390625 0.5796875 0.11328125 0.303125
1 0.5578125 0.5953125 0.1203125 0.31484375
3 0.86875 0.64375 0.15 0.7125
3 0.73125 0.634375 0.13203125 0.73046875
3 0.55859375 0.61953125 0.13671875 0.6921875
3 0.50625 0.74140625 0.134375 0.51171875
3 0.4078125 0.6546875 0.11328125 0.6515625
3 0.30546875 0.671875 0.11796875 0.64453125
3 0.17890625 0.69609375 0.1515625 0.603125