2 0.78984375 0.28125 0.03359375 0.03828125
2 0.7078125 0.27890625 0.03125 0.03359375
2 0.171875 0.390625 0.05078125 0.0453125
2 0.2828125 0.3859375 0.040625 0.04296875
2 0.31640625 0.3140625 0.03828125 0.04296875
2 0.2453125 0.47109375 0.053125 0.0484375
2 0.3859375 0.34609375 0.03359375 0.03828125
2 0.3453125 0.44375 0.04296875 0.04296875
2 0.46484375 0.30859375 0.03359375 0.03828125
2 0.45078125 0.3890625 0.03828125 0.040625
2 0.5484375 0.321875 0.02890625 0.03359375
2 0.56640625 0.37890625 0.03828125 0.040625
2 0.62890625 0.3171875 0.03359375 0.03359375
2 0.665625 0.1765625 0.021875 0.02890625
2 0.74765625 0.3375 0.03828125 0.0453125
2 0.85 0.3578125 0.04296875 0.03828125
3 0.67109375 0.25703125 0.06015625 0.1921875
3 0.790625 0.3421875 0.0625 0.16328125
3 0.70078125 0.32578125 0.0671875 0.13203125
3 0.8390625 0.54453125 0.10078125 0.4109375
3 0.74609375 0.53046875 0.10078125 0.4328125
3 0.65859375 0.56953125 0.10546875 0.43046875
3 0.625 0.38203125 0.05546875 0.165625
3 0.565625 0.565625 0.09140625 0.4109375
3 0.5484375 0.36875 0.05546875 0.13203125
3 0.45703125 0.596875 0.08671875 0.4546875
3 0.46875 0.36875 0.0765625 0.16328125
3 0.3890625 0.43125 0.0671875 0.21171875
3 0.31796875 0.36328125 0.0578125 0.146875
3 0.3515625 0.63203125 0.10546875 0.4203125
3 0.28359375 0.43515625 0.06953125 0.146875
3 0.1734375 0.60703125 0.10078125 0.48828125
3 0.253125 0.671875 0.1203125 0.4515625
1 0.25625 0.6578125 0.12265625 0.25625
1 0.3546875 0.6 0.115625 0.1921875
1 0.3921875 0.453125 0.0671875 0.12734375
1 0.3265625 0.40234375 0.0578125 0.0796875
1 0.45546875 0.52734375 0.0765625 0.1734375
1 0.484375 0.40390625 0.05546875 0.08671875
1 0.52890625 0.40859375 0.04296875 0.0984375
1 0.56484375 0.50625 0.07421875 0.15390625
1 0.6203125 0.3984375 0.040625 0.071875
1 0.66015625 0.5046875 0.10078125 0.18984375
1 0.7453125 0.478125 0.0796875 0.1734375
1 0.790625 0.37734375 0.05546875 0.10078125
1 0.85078125 0.49140625 0.1078125 0.18515625
1 0.67578125 0.2328125 0.05078125 0.06953125
1 0.70546875 0.35703125 0.06484375 0.06953125
0 0.6796875 0.61015625 0.0265625 0.025